’ 7611611166ἰῦ 11111. 8161111.
7116111116.. 0611111. 11611111.
73. 1111111661111. 11111111. sibim?

961. 8161611161. Μ. a 11116. .

1. ammom 81111111. 5, 6.
1116111111. 81111611. 6.
6611111111. 81611111. 716.

666. 611116Ιί1161. 111611. 11111611.

1. 81111111. 611111.. 11111611. 4. 7, 6.

996116116111311. 1116111. et 111611.

1. 1611611111. 1111111. et 111111.. 6.

665. 1111116111Ιί66. [11166661.

‘ 1. 111116. 1161611166. 5, 6.
1. 1161111. Kurra. 5, 6.

, 6. tenuior. Lsnrn. 6.

4. 1116111116. 11611111. 6.

996. Η66616611111. L. “

³ 1. 6111. L· 6,1,6,6.11-.
1116611116. 6111161. 16.
⁸ 616111. L. 6, 4. 6.

997. 1111161111. Auru.

* 111Ιὶ1111116. Arm. 7.

996. 6611611166. L.

⁸ 1. 1111161161 L. 3, ,4.
⁸2. 1111161611. L. 3, 4, 6, 6.

196. Aspar-agur. 11)

⁹ 1. 1166116116. Lm. 4.

¹ 1. 6166166111. 1.. 6, 4, 5, 6, 7, 6.
611111161111111111. Buram 4. 6.

⁸ 1. 111661. Barca. 5, 6. 6.
.5.11111111161. 111611. 61 6, 16.

6661111661. 1111. 4. 6, 7, 6, 6. ‘

11611161116161. L. 4, 6, 6.

’ Ordo CXXXIX. Melantlmceae.
1196. 0616111666. L· Ι

1. speciosum. 81111111. 6.
1161111111. 81111616. 6.

’3. autumnale. L. 6, 6, 5161
1661616166. 8161611. 6, 6.
5. 8111161. Kurra. 6.
61161661611611111. 11. 611166. 4, 5.
6816111611. 811111. 11Μ1166. 6.

16611161666611166. L.

1111111611. An. 6. ’
1. 1611611666. Boron. 1. 6, 7.
3. 1111116111.Ι 8166116. 41

6

1111616611616. ·

1. 11611111. Kurra. 6,6. 11.
11111161. 1166111. 16.

111116. Veratrum. L:
ι* 16131661. L. 6, 4. 6,1,6, 6, 16

11. 11. ’

. ¹²· “huma L· 1, 2, ³f⁴⁹ ο, ⁷2 8, ο,
16, 11. 11, 11.
6. Ε61111111611111. 1.(111117. 16.
4. 6111116166. 16161. 11.

1664. 1611111111. fluns.

⁶ 6111611111. 11661. 1. 7.

1. 66111611.11111111111.6.11. 14,16,16.
3. 11611111. 1611161116. 6. 11.
61111161. 8111111. 6.11.

’⁸ 5. 1611161616. 1616111116. 6, 4. 611.
6316111616. Ρ6116. 16.’

’ Ordo CXL. meeae.
10⁰5. Narthecium. Μ61111.

⁶ 7. ossifragam. 11661. 5.

1966. 1161611. Dte. ·

⁶ 11111611. 1611111. 1,1, 6, 4, 6, 6,
1, 6, 6. 11. 11, 11, 16.
1. rarescens. Frseu. 6, 6, 16. ,

. ⁶ 3. 66111111. Duc. 6.

‘³ 6. 1111611111. (111111. 3161

* 6116611616. Ε. 1111111. 611.

⁶ fl. spudista· Dm. ι, ². 7, 82 ο, ¹0,
11. 11. 15,1⁶. ’

7. 6116116. 1111116116. 1, 1. 7. 11,
161616.

ἡ ⁸· Clmpeffl‘iss· Dssc· ι, 22 31 ⁴, ὅ) .
6, 1, 6, 6, 16, 11, 11, 11, 11, 11,16.
1 1. 1116111111.1.1.6.6.1ο.11.11,16.

1967. 11111661. L.

¹⁹ 6666661111. 11. 61111111. 1, 1, 6, 6,
66666

* 1116116111. 811611. 6, 4, 6, 6. 61

* 3116111161. 1111111116. 1,1,3.16,16.

ι 1 4. arcticus. 1111111. 1. 6. 161

* 6111161611] 1.. 1, 1, 6. 6, 7, 6, 9,
16. 11.

* 616616111161111, Eunu. 16111.1611.

‘³ 7. 6111611.- 1111161. 1, 1, 6, 4. 6.
1, 6, 16.

* &articulatum L. 1, 6,6, 6, 6, 7,
6, 6, 16,11. 11.

⁶ 6. 6116161, 11666161. 6.

‘³ 1611111111611. 1161611166. 1111 61
41611161

*11.11111661. Μ6166. 1, 3. 6.

, 11. 1111161166. (1116611. 6.

 

