Ι.
1111614114 461.

14

Lsguras 444.
1466466 467.
1464616411· 446.
Lesura 466.
Laruas 16.
1144644644 16.
146616164 616.
1666616111 114.
[16666664 663.
1411446344 166.
1111616 146.
Limusa 466.
14116οά61616 11.
Liparis 61.
1141614 16.
14166614 144.
11611661 346.
164614 114.

1464166146444 466.

1666664164 466.

11414114 61.
614141144 466.
1114411446414 463.

Matrimonia 163.

Melies 361.
1111616416114 66.
Milium 444.
Uatinia 366.
61616411 161.
Myrtilum 166.

Η.

1141411646 18.
114144 16.

’ l Narcissus 116.

11411164 614.
Narthecium 114.
11661114 61.
116611616611164 666.
1116ῐί16114 61.
Ν61661114664 661.

0611661644661164.
0611164 74.
· 0161111646 46.

0161114 66.
orithya 166.
01411116641661 166.
0114666666 414.
0461611114 666.

Ρ.

1166141166 116.
Panicum 466.
Pup 6114161464.
1114611164 166.
Paris 116.
Peuaisetum 471.
Peristylus 11.
Ρ41614114 66.
Phalaris 464. ’
11116616 466.
Physeuratium 611.
111616114 466.
[1414614614 66.
114616611114 477.
Par 376.

111Ιί614 ,416.
Polygouatum 111.
1616644166 666.
111666466446.
Ρ616411411616 616.
Patamugstou 11.
Parrum 463.
11116164 616.
116114 616.
Ptitagrustis 447.
1114611111466 161.

11116466141616 148.
Rhynchospara 166.
1166614 11.

Russus 116.

Sagittarius 41.
84111614 464.
Scireuchaeria 67.
866141664463.
861114 166.
8611664 146.
86161666164 661.
861616 64 447. >
866166 164 663.
86616666411661 611.

866416 334.
86146166114 666.
Serapias 16.
86416114 466.
8614114 416.

. 816616641664 11.

Sisyrinciriuru 61.
8111446444 116.
1611461114 116.
81611411 116. ’
Surgirum 416.
8641646166 3.
8611466664 366.
8611461164 64.
8611611614 18.
86661666666 416.
Sterubergir 114.
81164 446.
8114116164 46.
8116616664 111.
81161616616114 661.

Tamus 116.
’1611641666466 11.
’1611411114 166.
Trtgtoctrinar.
'rrittium 111.

“ ’11161114 466. ’

Triticum 336.
’161164 164.

λ ’166114 1.

’1111146444 t.
Typhouiuur 16.

ΙΙ.
1111614 41.

V.

Vanisnesi· 46.
Veratrum 161.

’ W.
Woodsia 616.
Μ.

246616161114 11.
Zostera 16.

 

