7888888888. Lm. 1, 878.

7888188781788. 1, 888.
β. 7118888. Deo. 1, 887.

Duc. 1888.

778. nouam. 1, 787.

188. Lm. Ι, 888.

781188. 1, 881.

ἶι. 7777788. l, 888.

878877. 1887.

Lm). 1, 888.

718777. Ι, 888.

717177. 1,·888.

1788. Ι, 887.

188. nno. Ι, 888.

178. Tuaen. 1, 888.

Duc. 1, 887.

7777. nnc. 7, 788.

7. Lm. 1, 888.

m

7788878818 8788888888. nmo. 1, 888. ’
8818177788. 1787711, 88ῗ.
8888877181888718. 778. 887.
7788777188. Duc. 1, 878,
1877718811888. 1, 878.
78881181178877. 1, 888.

78778. Duc. 1, 888.
7789888881817888. 178877. Ι, 888.
7718178118. Cum. Ι, 888.
81881188. Pam. 1, 888. .
87788888181188. 1, 1ξ83. Ι Μ
,ἶ yps ,1111118711 1,’s⁶u.'
’2 ὁ. 8787188. Lan. Ι, 888.

1717181111... ” 8871..
77877181788778. Duo. Ι, 878.
87788.·887.7118778787877. 1, 888.

Ρ.

um ς787711718777777.177788. 1,·187. 8888888688..11.8117.17,Ν77.18.Ι,78.

8777888188. 11, 888.
rum. Lan. 11, 338.
,1177771178Ι 11, 781.
‚Lm 11, 871.

118778. 11, 788.

18. Kan- 881178. Ι, 787.
78181178. 8711777. 1, 787.
7777888. (17878. 11, 8.
8871. 11777787. 11, 8.

88887878. 717787. 111. 7888. 111, 788.

878777. 111, 787.

17777. ΙΙΙ, 778.
,17788 111, 778.

Β. 1, 78.

‚Pam 1, 77, 777.

,1. 7, 77, 777.
.111.811788. 1, 77.
7117777. Ι, 78.

,1)88. Ι, 73.

7777.. Ι, 73.

118. (1.1. Μ87. 1, 78, 787.
.Ρ81.7.. 1, 71.

8787. Ι, 78.

1777777. 1, 78.

'nun Ι, 71.

.Ρ77.7.. Ι, 71.

hu.. 1, 71.
,6177887887 1, 78.
8117877. Ι, 78.

6887787. 1, 78.

ἵ8. L. 1, 787.

s. Ρ771.. Ι, 78.
8887718718. Pan. 1, 78.
1787.. 1, 78.

7. (1177718887. 1,78.

7. L. 1, 78.

7 β. 1881771878. Dee. Ι, 78.
81777.. Ι, 73.

777. No. 787. 7,,77.

1. 811717, No. 78. 1, 78.·

(18788111. 77117. 17, No. 18, Ι, 78.
118Ιὶ871718 0178177881. Duo. ΙΙ, 888.

8818811888. 11808.

Panasi- cnspica. L. 111,887.
87878888878. Pau.. 111, 8881717.

88888818. 0788. 11, 871.

87177888. 0788. 11, 817.
87117778881187888877. 1, 888.
Pelium. 7887777. 1, 888.

887788878817778. 1888.

8778178118. (118778. 1, 888.

1817778777 8787881817 7777881817. 11878777.
8887787118118 non 8788771878. 87777777.17,88.
7888718718 1771118. 11877777. 17, 88.
non 7788771878. 887887. 17, 88.Ι

11888817. ΙΙ, 778.

1787718778. 87777777. 11, 378.
Pomm. L. 17, 118.

maritimum. L. 17,118.
Ρ87771871888. 111,-Τ. 111, 778.
1177788718878877. 8711187. 111, 787.

8178718878.0.11888. 111, 787.

77188881178877. 87 81777. 111, 781, 787.
8881888811118. 17, 888.
8877187788. L. 17, 888. 0

aegyptiacum. M. 8 87778. 17, 888.

8788871878. Μ. 7 117877. 17, 888.

8877778881. Μ. 8 Bm. 17, 878.

8877188878. L. 17, 878.

canonicum. 777777. 17, 188.

81117778. 171. 811788. 17, 888.

crus 88781. (188787. 17, 878.

8777888111777778. 17, 878.

1117877118. 1171178011, 117ΒΥ Ι lv, m·

711ς178777777. 117878. 17 873.

cruciforme. 8717777. 17, 888.

7111187778. 1117788887. 17, 888.

germanicum. Bm. -17, 871.

 

 

