0111111ζ111 11111161611111. 11. 11 Seu. 01111111111111111111111. 111. Ι,611.

1 ,171.’ 1111111111. 01111. 1, 679.
0111111. 11111111. W, 166. borealia. 011. 1, 691.
01111111111111. 11161. 6111111161. 1111. 1, 689.

11111111111. 011. ΙΙ, 661. 1111111111Τ111111. Ι, 686.

0111111111111. 011. 11, 918. 1111111111011. 1, 699.
[1711111011. 11, 918. 11111111. nnc. Ι, 689.
11111111. Duc. ΙΙ, 918. 1111111111. 91111. Ι, 698.

0111111111. 1.. ΙΙ, 696. 1111111111. 011. Ι. 691.
matthe.. gY'Gng. W, 616. 1111111118. 11111111111111.. Dm ,Ἰ
11111111. 1.. 10696. 1111111111. 011. 1, 696.

,‚ 111. 0111111111. L. 11,696. 111111110181111111111. 1, 691.
11111111118111111111. ΙΙ, 696. 111111. ,111111 1, 681.
1111111611. S. 6. 61111.. ΙΙ, 696. “ „ 1111111111. 011. 1, 688.
11111111.. 11,699. “ 1111161111. 01111. l, 699.
8111111111.. ΙΙ, 698. ' 1111111. 011. 1, 686.
81111611111111. Ι.. 11111. (1116111111. 011. Ι, 699.
1111110111.. ΙΙ, 696. ' 1111111101811111111. Ι, 687.

01111111111.11.111. 11111. 1111111111. l, 686.

0111111111. 1111111. ΙΙ, 991. 11110191111111. l, 697.
1111111111111. ΙΙ, 196. 11111111111111. l, 696.
pratense. 1111111. ΙΙ, 996. 1111111111. 011. 1, 699.

011111. 011111. ΙΙΙ, 116. 1111111111. 011. Ι, 686.
111111.6111111. 111, 689. 1111111111. 011. 1, 686. ,
61111. 111111111111. 11. Ι, 696. [111111. 1111111111. Ι, 696.

91111111111111. 1, 181. 3111111. 011. Ι, 686.

011111. L. 1,189. 1111111111. 1111111. 1, 681.
1111111111. Ι.. Ι, 189. 6111111111811111. 1, 699.
corniculata. L. Ι, 196. ,1111111111011 1, 696. .
..1.1. 1111ἷὲ1· Ι“’111·““· ''⁴⁸³' ” 111111ἷὲ11ἒὲ· 111
61111. 11111). 11,Νοῖ 89, Ι, 186. 111111ᾶί11111 Apamea. 011. 1,, 691

01111111111111111 nigro. 1111111111.11,91. 1111110111. Τυ111. 1, 678.
fructu rubro. 1111111111. ΙΙ, 91. 11111111. 8111111111. 1, 786.
1111111110111111. 11, 89. inuria. 011. Ι, 689.

0111611111111. 1111111. 111, 719. 1111111111. Ι, 689.
111111111111.11111.1111111. ΙΙΙ, 719. intermedia. 01111. Ι, 699.

011111111111111111. ΙΙ, 996. 1111111011. 1, 681.

1111111111. Ρ111. 11, 996. 1111111111. 6111. 1, 681.
quadripetala. 61111. 11, 996. 1111111101. 011. Ι, 699.
11111111111111. 11, 996. 1111111111.Ρ1111. Ι, 697.
11111111. 11, 996. 1111111111111. 1, 681.

0119111111. 011111. 1,17. 1111101111. 111111. 1, 698.
111111Ιί1. Bono. 1,17, 734. 11111111111111. 11111. 11 1111. Ι, 61

0111111. 11111.. 111,198. 111311111111111. 1, 680.
(1131116111. 111,198. 1111611111. 011. Ι, 699.
uniformis. Ηοοκ. 111, 198. 11111111111·1.1“11111. 1, 611.

Oxys 11111. 61111. Ι, 186. 111111111111111. 8111111111. Ι, 186.

0111111111. 011. 1, 677. Μ111111111111.Τ111111. 1, 689.
11111111111111. 1, 681. 1111111101011. 1, 678.
111111111111111. Ι, 691. 111111νί111. 1111111. 1, 698.
11111111.8111. Ι,688. 111111111811. 1, 699.
11111111. 1111111. 1, 691. ,, 8111. 1, 687.
alpina. 1111111. 1, 691. ‚, 19111111.1“1111. 1, 688.
1111111. Ρ11111. 1, 699. 1111111111. nnc. 1, 689.
ambigua. 011. Ι, 693. 1111111101011. 1, 689.
1111111111. Τ11111. 1, 696. 1111111111. 1111111. Ι, 688.
1111111111. Ρ1111. Ι, 699. 11111111. Τυ1111. 1, 696.
arction. R. Bn. 1, 691. 1111111111111111. 1, 689.
1111111111. 01111. 1, 699. 1111111111. 011. 1, 689.
11111111011. 1, 699. Ρ1111111.Ρ1111. Ι, 686.

 

