1118. Elymus. Ρ11111.

⁸ 1. 1111111111. Fama. 1, 1, 1,1, 1.1.
' 1. 11111. Lucu. 1,1.1,1,11.

1111. (11111, 8111111.

⁸ 1. 1111111. Senam. 1.1.1.11,11.
· 11111111. Tum. 1.
1. 11111111111. (1111111111. 1. 11.
⁸ 1111111111. 111111111111. 1.
1. 1111111111. 111111. 1111111.. 1.

1111. Cam. Ι..-

' 1111111. L. 1,1,1.1,1.

' 1. 1111111111. Sum. 1.(1.
1111111111111. 0. 1111111. 1.
1111111111. (1. 1111111. 11.

⁸ 1. 1111111111. 1111. 1,1.1,1,8,,1.

⁸ 1. 11111111. L. 1. 1, 11. .

1. 111111111111. xum. 11 111111. 1.
1. 1111111111. (1.1. 111111. 1.
1. 1111111111. (11111111. 11.

11. 11111111. Fam. 1.

11. 1111111111. Tum. 11.

ἰι. 1111111. 1111111. 1,1,1..

’1111111111 Au. ι. 1. ι1.

11. 111111111. 01111111. 111 11.
11. nigrim.. (1.1. 111111, 11.,
’11.1111111111. 111111. 1, 1,1. 11.
⁸ 17. 11111111111111111111.1.1.1.1.11.
11.,1111111111171. 0. Α. 111111. 1.

’11.ι11ιιι11. 111111. 1. 1. 1, 1.

1’11.111111111111. 17111111. 1. 1, 1.

61 ⁸5 ⁹, ¹⁰· ¹⁴·

’11.11111111111. 1.. ι, 1, 1.

’11. 1111111111. L. 1. 1, 1,1. 11,11.
11. 111111111111. ww. 8111111.
11. enervis. 0. Δ. 111111. 1.

ο11111111. 11111 1,1,1,1,ι.
1111111111. (1.1. 111111 1. 11.

⁸ 11. 1111111111. (111111. 1,1,1,1,11.

’1111111111 1,1, 1,1, 1,.1,1,1.
11. 11111111. 11. 11111. 1. 1.
1111111111111. (1. 1111111. 11.

’1111111111111

’1111111111 1. ι,1,1,1,1.1.

ζ11.111111111111. (111111. 1, 1,1..
,11.11111111. Wuw. 1, 1. 1. 1.
111111111111. L. 11, 1.

;11.11113111. L. 1,1. 1. 11. 11.

,11.11111111. L.¹ 1, 1,1. 1,(1. 11.
1111111111. 11111111. 1.1. 11. 11.

. ’11.111111111111. L. 1, 1,1.

a (1111113111. Wmn. 1,1,1. 11,11.
11. 111111111. L. 1,1,1.1,1,1,1. 11,11.
11. 11111111. Sounoua. 1.

’11.811111111. wamma. 1, 2, ³· ⁷2

1111191111111. wantum. 1, ⁹· 7· 9·

’11.1111111111. (111111. 1, ², ³2 ⁴·
1,1,1. ι1.

9

1

’11111111 1. 1,1.1,1,111.
1 11. 1111111111. nomm. 1.
ο ⁴⁸. hawide·- vluna· ³2 ι, ⁸, ο,

11. 31111111. wantum. 1,·1, 1. 11.
’11.11111111111111. Eunu. 1,1, 1.
*11.11111111.Ι 111. 1. 81111111.

* 11. 11111111ιί1. 17111111. 1,1,1.1,
1, o. ιι. ιι, ι1.

⁸ 11. alpina. 8111111. 1.1. 1,1,11,11.

’11.111111. L. 1.1,1.1,1,1,1,
11, 11. 7⁸.

11. 1111111111. Panse. Ι111.
⁰ 11. 11311. Λιι. 11, 1.

11. (1111111. 1111111111. 11, 11,11.

⁶ 11. 1111. 811111. 1. 1. 11.
‘ 11. 11111111. 11111. 1,1. 1. 1.
ο1111111111..ι,1.1,1,ι,1.
*11.111111111111. mun. 1. 1.

11. 1111111111. C 1111111. 1,1.1,

1, ιο. ιι.
’11.111111. 811111.. 1.
’ 11. 11111111. husen. ι, 1. ιι.
’11.1111111. 1. 1,1,1,1,1,1,1,1,

11. 111111. mrum 1, 1. 11.

11. 111111. 11111111. 1,1.1. 11.
*11. 1111111111. An. 1,1.
’11.11111111111. (1111111. 1, 1. 11.
⁸ 11. 1111111. 11111. 1, 1, 1, 1.

11. 1111111111111. (1.1. 111111. 11.
¹* 11. 11111111. Gonnum. 1.

‘ 11. frigida. 111. ι. 1. 1. ιι. ιι.
*11 ferrugines. 811111. 11, 11.

11. 1111111. 11. 11111. 1. 1,1, 11. 11.
‘ ’11. 11111111. 11111111. 1. 1,1, 11.
¹⁸ 111111111111. 1.. 1, 1, 1. 1. 1, 1,11.
* 11. 1111111. num. 1. 1,1,1, 1, 11.
' 11. 1111111. fluns. 1,1. ·
’11. (11113111. Sum. 1.
Ι’11.311111. 811111.. 1,1.1.1. ,

11. 11111111. Sum. 1,1. 11,11,11.

11. 1111. mnam. 1.1 11.

* ⁸⁴· sulus Goomfl· ², ³0 ⁸· ³
*11.11111111. L. 1,1,1,1,1.

11. 1111111. 11. 1Β11ιι. 1,1. 1,1.
¹² 11. 1111111. (111111. 1,1,1.
¹⁸ 11. 11111. 1.. 1,1,1,1.
¹³ 11. 11111111. wantum. 1,1, 1,1 1.

1ο. 1111111111. 11111111. 1,1. 11. 11.
” 11. praecox. 11111, 1, 1. 1. 8, 1,

ι1, ιι.
” 11. 11111111. 11111111. 1, 1, 7.
'⁸ 11. pilulifen. L. 1,1. 11.

11. 111111111111. cmm. 11. 11.

‘³ 11. 1111111111. 11111111. 1,·1, 1, 1.
1. 1, 1, 11, ιι.
⁶ 91. 1111111111. L. 1,1, 1,1.

174111111ιί1. 1. 1,1, 1. 1.1.

11. 1111111111. 111111. 1.

11. 111111111111. 1111111. 7.

 

