m
’1111111 1. 01111111.

8111111111111111111111111. 11111111 1111111111, 11111111, 111111-
111 1111111111 1111111111111. 111111 1111111111111111. 1111111111

1111 1111111. stylus 11111 11111111, 1111111111. 0111111111 1111111
11111.

1008. (1111111. 11.
(Soet. 1.) - 1111111111 111. 1. 111. - 1111111. 111. 1. 111. '·. 01111111. 1. ³¹³:

spicae 11111111111. (11111111111111111111111, 1111111 nuru-m,
1111111, 1111111111 111111111 1111111111 11111111, 11111111. Setae
1111111111111111. stamina 1, 111111 1-2. 8111111 ³·, 1111111-
111, 1111111111. 1111111111 111111111111 1.1111111 111111111, 11111
111 bani 111111111111111111111. .

¹5· 1. 1111111111. 1711111111 1111111111

1. 0. 11111111(811111 11 1111111111. 11, 1. 4) 11111111 eom·
1111 (interdum capitato-congesta), 1111111111 11111111111 1111111111
1111111111, 111111111111 linearibus 1111111111-111111, 1111111 11111-
ΙΙ 111111111111111111111111111111111,,111111111111 1, stylo 1111111111

11, 1111111111111111 111111111111, 1111111111111111111111111111111
111111, 1111111 abrosa.

1131111111. 1111111111.1111111.11’1111111.111. (An 1111111111)

,11. 11 1111111111 1111111111[11 11111111 11. 1111111111(11111111111.)].ῤ).

1.,-1111111 111111 111111 111111111111 specimine 11 111111 Timor 11111,
,μή-1111 1111111 C. (1111111111 11111. 1111111). Mus. 11111. 111111.

fi. 0111111111. Spec. 118) 11111111 1111111111, 111111111 111-

1111111 1111111111111111111111111, 11111111111111
111111111·1111111111 11111111; 111111111111 111111111Ιὶ1, 11111111 111,
111 bifido, 1111111111111111111111111111, 1111111111 1111111111 nubeli·
111111, 1111111 11111111.

1111 1111111111111111,

11. 1111111111. 11111111 111111 11, 1. 1. - rum 11 1111111. 1111. Im. p. 111. -
11111111111111.1.11111.11.111,1. .111.- Μ. 111111. 1²1. 1. 1. 1, 1. 111
111,1. 17. - 1111111 11111.1.1,111. 1111111111. 1111. - 111111 cat.
1111111. 1. s. - 0.Δ.Μ1111111.1111.111.-111111118111111. 111. -
131111111111. 11. - 1111111111. Eam 7111111111. - 11111111. ,11
11111111. 1111. 0111111111. 1. 11. - (111111 1111111111Χὶ, 1. 111.

mmm. 1111. 1111. 11111.

1.1111111111,11111111111111 1111111111111. (1111.. m. 111. 1, p· 81, No. 1.

111111111111111(81111111111. 111111. 1, p. 3) 11111111111111111111, glumiu
1111111111111111, 1111111111 majoribus.

111. 11 1111111 1111111111111 (1111111111. 11 lamnam), 0111111 (Fama),
1111111111(Ε11111.), 11111111101111111, Elem), 111111(111111)] 11 11111111
[11111 (1111111111. 11 1111), 11111111 (1111111), 11111111 (1111111111, ’111111
.(1’11.1.., 11. 111111.)111111111111 1111111111(Μ. 111111.) [in 1111111111

. 1111111111 usque 111 111. 111 111111. (C. A. 11111111), 11. ,1111111111111111
(1111111111. 11. 111,), 11111 Caucasum 111111(0. 11111), Iberia! (1111111111

² 11. m), 1111111111 11 8111111111 (1111111.),11.1.11111111 (1111111111.,11111111

11. 111.)] inque 81111111 1111111111 11. 1111111 (81111111 111111. (111111

 

