18118188. Duc. 1,188. 4818188188 spicatas. 11181118. ΙΙΙ, 866.

118. 88818818. 1,184. 811181111811881. 111, 868.

111181. 111811. 8111111. 1,1.18,168. tricolor. (18811111. ΙΙΙ, 868.

8818811888. Ι,188,168. 1111111811. 111, 868.

111. 11111. Ι, 184. ,, 1118111. ΙΙΙ, 868.

m 1118111. 1,146,168. 1111111 noo 11118888811811111. 111, 868.

88. 8811188111. Ι, 1411. 4111818118 (1881111118. Gom. ΙΙΙ, 66.

8881.. Ι, 188. quioquofido. 61118. 111 68.

1111111111. 1,188. 48811118881111111.. Ι1,118.

Deo. Ι, 141. Amor 11888 8118818188. 1118118. Ι1’,116.

1118811188. 1, 141, 148. 411411111111111411.11. 1111. Ν, 118.

118118 Junci. Boxo. Ι, 111. 4811111188881118.11’111.11. Ν, 181.

11111111811188. Ι, 188. 18118. L. W, 116.

111. 4111188. Ι,186. 18181188. 1111111181. Ν, 111.

1111111188. 1,186. ,, Pau.. Ν, 116.

8111. 8181. Ι, 188. · 411111118811888. 11, 681.

,888888 1,186. 1118881818. noc. 11, 688.

ioum. 4811111. 1,141. 81181118.Ι)118. ΙΙ, 681.

,1)88. Ι, 186. o 1· 18888.(1.118811. ΙΙ, 688.

8111111111. 1,146. spectabili». 118. 11,“688.

18118111118311111. 1, 141. 881118811188. Duo. 11, 684.

111. onom. 1,181. Ambloohoeniumannotinum. 181188.ΙΙ,111.
1111111. 1, 141. 4118111111111111111. 8111111. 11, 618.

111. (1881181. 1,141. 1118181888.1118811.11Ι11111. ΙΙ, 611.

11818. 4111811. 1, 148. 48611888861881811188.811811. ΙΙΙ, 164.

11118. 1,186. Β81111.11..Τ. 111, 166.

1. (14.1181. 1,146. 4811881888110. ΙΙ, 614. ’

1111111111. Ι, 141. 48818881181.Μ111111. 11, 113.

1811811111881111111111. 1, 188. 18113818881111818. 11, 88.

11111181811111. Ι, 148. 88198118. 11111811. ΙΙ, 88.

1111. W. 811111. 1,141. 41118181181188. 11,116.

1811811881. 1,188. 1114188. 11118. 11,116.

81. sib. 1111111. 4. l, 141. Ammoneo. L. 111, 441.

1148111111. 111815] 111, 11151, eoo. 111111Ι111111111Ι111.4111,’181.

tone. 1111111.. 111, 864. 81111.111.1111.111,Νο.81. 111,441.

’8. L. ΙΙΙ, 866. 48811181188 1881118118 oto. 11118111. 111111.

18118. Lols. 111, 869. No. 70. 111, 441.

1811111. 11. 8111118. 111, 868. 4818181118118881. 11, 116.

4881. 1111111811. ΙΙΙ, 868. 88118818181111111. 11,116.

.L. 11, 861, 868. 181181888811118. ΙΙ, 114.

ι, 81111111181111111111111. 111, 868. 81881111. 81111111. ΙΙ, 116.

1.ρ1111118181.1.1111111. 111, 868. [1881811188. 81118811. 11, 116.

88188111811111.1188311111.111, 868. 41111111111818181. 11146.

r. α. 1188311111. 111, 868. 8881118. 88111188. 11, 168.
8118111811811188. M.·T. ΙΙΙ, 868. 18111118118111. 11181. ΙΙ, 146.

γ. 1188111. ΜᾹΓ. 111, 868. 1181111811. Hom. 11, 146.
ὁ. graecizans. Μ.-Ἰ’. 111, 868, mojano. L. 11,146.
ε.8111881111111111.Μ.-Τ, 111, 868. 11818888. Loro. ΙΙ, 146.

1.Β1118. 111, 861. 41881188881111811. 11146.

8. L. ΙΙΙ,866. 1888418818.81188.1,111.

1181118. 111.·Τ. 111, 866. 888111111813181111. 1,111.

181. Son. 111, 861. 111818681δί. Lon. 1, 811.

181111. ΙΙΙ, 868. , 1181818111. 81188. 81111111. Ι, 111.

1. 1188188. 111. 868. 8181181811. 1118811. Ι, 111.

81881.. ΙΙΙ, 866. 4111111111111811. 11111. 8111111. Ν, 181.
α.1181[1818118811.1.11.-Τ. 111, 866. 1818118111. 11111. 8111111. Ν, 181.
β.811818818811181118.111866. 4811818118 arenaria. 118118. Ν, 484.

1188 ἃ. caudatus. 111111. 111, 866. 1111111811. Boon. Ν, 484.

188. Bm. 111, 868. AMPELlDEAE. 11. Β. 81 11111. 1, 468.

81881.. 111, 866. 411Υῦ1)41116418..1881. 11,1.

,88888118188 111, 866. 4811148188181181181. ΙΙ, 1.

 

