1111111111. 111111. Ι,1, 113. 11111111111111. 8111. 11, 114.

1 β. 1111111111Ιί1. 8111111111.
1111. Ι, 3.
Ι.. Ι, 3.
1111111. 1, 3.
L. Ι, 4.
11111. Ι, 1.
.1111.11,1111. 31. Ι, 1.
1134.
18111. 1134.
111. 1111111.
111111111Ρ111. 1,134.
iberica. 11. 18111. 1134.
11111111. 111. 1111111. 1,134.
18111111. Ι, 134, 111.
11111. Ι, 131.
1 aegyptiacum. 11111. ΙΙΙ, 333.
1111111111. ΙΙΙ, 333.
111.(1111111111. ΙΙΙ, 111.
1111. (ima. ΙΙΙ, 333.
1181113. 11113551
11111111. ΙΙΙ, 333.
1111111111..11111411. 111111. 111. 83.
1111111. ΙΙΙ, 333.
L. ΙΙΙ, 333.
111, 111.
.sib. ΙΙΙ, No. 11. ΙΙΙ, 333.
. 1,144.
1111111111. Ι, 133.
1. Ι.. Ι, 141114.
(1111111. Ι,143.
,81111 1,133.
elegans 11111111. 8111111111.
.1111.111,Νο.6. 1,138.
11111111. (1111111111. Ι, 113.
11. ΙΙ, 113.
.. ΙΙ, 114.
111111. ΙΙ, 143.
1. herb. 1111. 11,143.
811111. 111111. ΙΙ, 611.
1111.Μ.1Βιῐ111. 11,131.
111111111111. 11111111. ΙΙ, 133.
8111. ΙΙ,143.
¹. L. ΙΙ, 113.
1. (111111. ΙΙ, 138.
11111. ΙΙ, 131.
1111111111. herb. ΙΙ, 133.
,, 81111. 111. 11,133.
11111111111111. ΙΙ, 131.
111. Ρ111. 11. 131.
1111111. ΙΙ, 133.
L. ΙΙ, 134.
Ι111.. 11, 134.
111111. ΙΙ, 113.
11111111. 11,-133.
Ι11111. ΙΙ, 143.
halus. 1111111. 11, 141.
1111111. ΙΙ, 131.
1. 11. ΙΙ, 131.
111. 11111.

fimbriatum 11. 1 Bm. ΙΙ, 113.

, glutinosus. 61111. 11131.

(11111111811. 11133.
11111111111. 1111111. ΙΙ, 141.
311111111111111. 1111111. 11, 1411.
1111111111. 11. 1111111. 11, 131.

,, 1111111. 111111. ΙΙ, 131.
1111111Ιί1. 111111. 11113. ΙΙ, 111.
11111111111. 111111. 111.
1111111111. 11. 18111. 11, 131.
1111111111. 11. 1811111. ΙΙ, 111.
1111111111. 1111111111. ΙΙ, 131.
1311111111. 11. 1 Bm. 11, 143.
1111111111. 1.. ΙΙ, 138.

1111111111. 111111. 11, 133.

,, 11118111. ΙΙ, 133. ,
1111111111111111111 6111134.

11111111. 1111111. 111111. ΙΙ, 131.
11111111111111.1.111. ΙΙ,134. ,
,, 11111. 11141.
1111111111111111111111111111, 113. ¹ Ι
1111111111111. ΙΙ,133.

1111111111. 11111. vindob. 11, 133.
spinosissimas. (1311111111. 11, 143.

7, 1181411 11, ⁷¹1⁶·

,‚ 81111. ΙΙ 141.

,, 11111111. 1111.. 11, 113.
1111111111. 11. 1111111. 11, 111.
syriacus. Wmn. 11, 143.
1111111111. 11. 111111. ΙΙ, 131.
uliginosus. 11111111. ΙΙ, 133.
1111111111.. 11,131.

,, 8111. 11,133.

,, 1111111. 111111. 11, 388.
11111111. 11111111. 188. 11, 143.

Cnidium. (11111111. 11, 133.

1111111111. 8114. 11, 311.
1111111111.1.1111.· 11, 381.
argenteum. (111111. 11, 183.
111111111111. Μ. 1 81111. 11, 184.
1111111111.Μὸ11111. 11, 183.
1111111111. ΙΙ, 333.
damiam. F1scu. 111111. 11, 184.
,, β. 11111111111111. 11, 183.

divaricatum. 1111. ΙΙ, 181.

11111111118111111. 11, 181.
maisou-n. Μ. a 1111111. ΙΙ, 184.
11111111110111111. 11, 183.
1111111111Ι1.1.11. ΙΙ,184.
11111111111111. 11. 18111. 11, 183.
1111111111.111111111111. 11, 183.
1111111111111111. ΙΙ, 183.
Silam. 11. 1111111. 11, 181.

,, 81111111. ΙΙ, 181.
1111111111. Tunc.. 11, 133.
1111111111.141111. 11183.

,, β. ferulaceum. Lm. 11184.

0111111111. Ι,133.
1111111 8111111111. 1, 131.

 

