01041100. 811111. 01 8011100110. 0110111111110.0.0111.1100101111.

mwmmmm
mmmmmm
101100. 1,104.

,1)οο. Ι,100.

810011. 01 Mn. 1, 740.
10001. 1, 99.

0101101. 11100011. 1,100.
β. minor. 17111011. Ι, 99.
00110011. 1. 100, 747.
101100. 1, 99.
01110100.01110001. 1, 99.
0111100. 1, 99.

..101000 1,100.

111. C. Δ. 1101. Ι, 88.
Pana. 1, 99.

1110. 1,100.
111010118011001011. 1, 740.
,1.00. Ι, 101.
11108100. 1, 100.
1081100. 1, 100, 747.
1001. 80110. 1,104.
1100110111. 810011. 1, 97.
1111101110011111. 1, 740.
0. 80110. Ι, 98, 740.
11110111. 8010. 1, 98, 740.
80110. 1, 101, 740.
0010001. 1, 100, 747.
110111. 801111. 1, 101, 740.
m. PBH· ⁸¹, 91, 146.
80110. 1, 100, 747.
8100. 1, 100, 740.
810111. Ι, 101.

1100. 1, 101, 747.

.. 1100. 1, 99.

0. 811100. Ι, 104.
0110111010. 111, 080.

1. 111, 888.

1. 1.. ΙΙΙ, 088.

10. (10101100. ΙΙΙ, 088.
11110. 810011. 111, 088.
1101100. 111, 088.

111, 088.

’1.0111.1,Νο. 1. 111080.
1110. Ρ. 00 80101. W, 410.
1110. P. 00 80101. W, 414.
10. P. 00 80101. 11, 410.

007118811101. 80100. ΙΙ, 044.
10001000 010· 81011110. 10111. 110. 114.

10110111101103.Ι 11. 0 8111. 11, 097.

cotula... Lm. 11009.
0001101100 1101111010. 101101. ΙΙ, 170.

10000001101100. 11, 173.
1110100111100. 11,170.
100100011111001.Ρ11.1.. 11, 174.
011011010111. 100. 11, 170.
1100000000. C. Δ. 1101. 11, 170.
10100.111110. 11,170. ,
800101011010. M. 0 81011. 11,170.
0011010. Pau. 11,174.
0111000011. 11, 171.

00001010. G. A. 1101. 11, 170.
1101111110οι. (1001101. 11, 110.

0011011111. (1110. 11, 070.

11111110800110101. ΙΙ, 078.

,, 1110. 01 11111. 11, 078.
111111. 8011110101. 11, 078.
aramue. 810011. 001101. 11, 017.
1111101100. 8011110011. ΙΙ, 079.
01011υὸ10100. cm. 11, 070.
0111100001Μο. C. Α. 1101. 11, 077.
0101001100. (111101. ΙΙ, 080.
1110011010. 11111. 0011111. ΙΙ, 079.
101111010010. 8001101011. 11, 081.
110110101111. 811011. 011701. ΙΙ, 077.
11101110. (1.1. 1101. ΙΙ, 077.
1000010110.0.1.1101. 11, 010.
lappam. 80010111. 11, 079.
010100011010. (1. A. 1101. 11, 081.
1110111010011101. 11, 079.
anepos-Mla. Lm. 11, 080.
1110110110. 8011001011. 11, 001.
purpurea. 11. 11101. 11, 080.
10110110. 810011. 011101. 11, 077.
1101100011. C. A. 1101. 11,. 078.

010001. 11111001. 1, 070.
11111110. 11. Ι, 111.

111010. 11. 0 8100. 1, 110.
800000101111101010111. 1, 111.

0001110110. 8101. 1, 110. ι
101110 0011011111000101101001001. Ι, 111.

1100111011. 1100. Ι, 111.

on. 11111111. 10111. 110. 110. 11111001001101001001. Ι,110.

700, 704.

10110111. 8111001, 11, 780.
1. 1100111. 11, 91.

1. 1111001. ΙΙ, 91.
..1100Ι 11, 91.

11. 80110. 11, 90.
’1110111000 0111101. 11, 90.
10. c. A. 1101. 11, 90.
80110. 11, 91.

,1111100 11, 91.

,01 01101. ΙΙ, 91.

10111. 11, 009.
1οΜ

1111110011. 08100. Ι,110.
Μ1111ωψ111Μ1ι111η 1, 110.Ι
1110 010. . , .
οωω11ωο1
0110010110. 8101. 1, 111.
1100001110. R. 81. 1, 111.
1111011001100. 1,111.
111011001101001001. 1111.

0110101101ωο0. 1101111. 111, 174.

0111110100.10111.1)00. 111, 170.
1111001010. 800. 111,170.
000111101010. 80110. 111, 170.
0010110000. 110011. 111,170.

 

