110

1111121,ῗὶτονῖ ¹³12me 1011110111 lim-nsaw& 11. Mu. 1, 100.
; . , . . 1. ,.
111 11111111131111. 1, 710. 1111101001111111111. Bm. 1, 100, 701.
1111111. 1, 770. 11011110111114110. Ι, 103.
111. 1111101, 1,117. 10111111. 1111111111. 1,110,101.
,1.111. Ι,171, 170. 1110110111. 1110110. 1,107.
1111111011. 111Β111. 1, 710. 1111111111. 1.. 1,111.
11011110. 710. , ,, Pau.. Ι,110.
1. Gon. 1, 710. 0111110111. 110111. 1,107.
11111. 111111. Ι, 710. 0110110171ιί 10110. (11111. 1,180.
11111111. 1, 710, 700. 10111111011.. 1,100.
111. 110011. 1, 710. 0011111111. 1111111. Ι, 180, 701.
111011111111101111111. 1, 710. 011111011111.Ρ11.ι. 1,187.
iii. 80111111018111111. Ι, 710. 001111111111111.. 1, 103.
1111111111. 1, 003. 11111111111101111111. Ι, 101.
1.. 1, 007. cupiditatium 1111011110. Ι, 107.
1. 1.. 1, 003. cupidum. 1110. 1,187.
10. 61111. Ι, 001. 1111111111. M. 1 Bm. 1,·101.
11710, 1, 001. 1011111111. 111011. 1,100,701.
1111. L. Ι, 003. 11111011111111011. Ι, 188.
1011111. 111011. 111111. 1, 007. 1111111. 1110. 1,101.
1.. 1, 000. ,11101111111111111 1, 180.
111111. M. 1 Busa. Ι, 007. 11111011011111. (110101. Ι, Ι1110.
11101. 610101. Ι, 001. ,, Pau.. 1, 107.
1101. L. 1, 001. 1101101111. 1110. Ι, 187.
1111. 11111111. Ι, 007. 1111001111111111. 1,177.
cum. 111011. Ι, 007. 11101011101111111, 1101101111111011111,
timum. M. 1 Β1111. 1, 000. 00111111110171111.1)10. Ι. 188.
mum. 1111111. 1, 001. · 1110001111111. 011111118011110111. 1,188·.
mxliii. 1111ῒὲιί 1, 007, 004. ’,ζ {canen} 128111.
1131111111 1710. 1, 001. 111010111111. B. 111. Ι, 701.
β.1111111110111111113111,1004. 10110110111111.,.101111. l. 180, 701.
11. sib. lv, No. 17. 1,,003. ,, β. 1111111011. C. 110011. 1, 101.
11,, Tss'unn'ssr. ’,11,17431Β m· ‘gtsseginaiulzfah lm.
1111101111. 10111· ΙΙ, 780. mileum. Βο110. 1, 701.
1111111111107. 1³¹. 1101. ΙΙ, 700. 111110111111101111111111. 1,100,701.
1111110111. L. 11, 138. 01111111101111.1110. 1,107. ’
lieri. 1111110111. 11, 730. ,, β. 1111011111. (1110011. Ι, 107. “
1011111011. 11, 730. 0101111111. 11111111. 1, 107, 707.
Μ. 031110. 11, 710. 0110111101». Ι,177.
1111. L. ΙΙ, 711. 0111111111. B. 111. Ι,107.
11111111. 11111. 11, 770. 1111110111. 101111. 1, 180.
111111. M. 1 Bm. 11, 738. 11111011111111. Ι,107.
11111111. 11, 730. finitimum Lm. Ι, 107, 707.
11111111111111111. 11, 700. ,, β.00111011101111. 1, 707.
0111111111. 11, 700. 11011011111111.Ρ111.. 1,110,103.
0111611111. 11, 730.· 00111100111.811111. 1,101.
11110. 8011111111. 11, 738. neamus. 1111111. 1, 100.
1111111. L. 11, 718. 1111111111.. 1, 101, 707.
num 11111101111111011. 11, 770. 111οἰ111111. (11111111, 117.
1011011111011111 111111111111011. 111111111οω1. 1110. 1, 103.
177. “11110111111111.1)10. 1,103.
110111Ρ1ιι. 11, 700. 0111111111001111. Ι, 100, 701. .
1. L. 11, 730. 111101011010. Ι,107.
11611111. 11, 710. · 1111111111. (111111. Ι,180, 101.
coeruleum. 11111111. 11, 710., 1111101111. Duc. 1, 108.
0111111111. 11, 737. sylvaticum. M. 1Β11111 1, 100. ,
11.1111.1,Νο.1. 11, 730. 0111110101111111111. 1,100.
1111. L. 1105. 11111111111710. 1, 100.
1. 1.. 1,187. ,, 1111. 1111111. Ι, 701.

 

