1111111111. 11111111. Ι, 11,181. Arabio 1111111111. Ι, 111.
81111111. 1, 18. 11111111. 111111. 1,118.
11111111. 1,11,11,1. 1131111111. 11111. 1, 118.
,11111 1,18,138. ‚, Duc. 1,118.
elegunt 1111118111111. 1,11. ,, 11, (1111181111. Etcum. ,1,118.
11111. 118. 111111. (111111. 1,181.

111ἑῖ. 1111111...1. 711... 1111111111.ἵὶ 11111... .
111111. 1, 11, 188. 8111111111111. 1, 111.

111111 111111. 81111. l, 88. 111111111111.. 1,181.

1. L. Ι, 11. ΤΙ11111111.Β111. 1,181.

111. 1111111. 1, 18. 1111111111111. 1Β111. 1,181.

Ι, 18. 1111118181(Ι11111111111111111).Τι1111. Ι,111.
11.118.11,Νο. 18. 1,18. 11111111111111. 1111. 1, 118,111.
{t 1111111111.”Ι,1171. 1, Μ· ῃ11111111.181111.121ῗι111.

11. 1111. 1111111111111111. 1,111.

l, 118. 1111111111.11’11111.11111. 1,111.
51111. 1,111, 118. 1111311111.1111.111.Ι11111. 1111.
11111111. 1, 111. (111111..11.1111.ΙΙΙ,Ν11. 11. 1,181.
11111111. 1,118. ,, ,, ,, ,, ,, 18. l, 111.
L. 1, 111. 11111111111111. 11, 8.

111111. 1,118. 1111111111111111. 11111111. 11, 811.

11111111. C. 1111111. 1,118. 1111111111111111111. 11, 811.
8111118111. hu. 1, 111. 1111111 11111111. Boon. 11, 811.
,1)111. 1111. 111181111111.81111111111111. 11, 811.
1. 111111· 1, 111. 1811118011Αὸ. 1111. 11, 811.
01111111311111111. 1,111. 1111111111.. ΙΙ, 118.

Scor. 1111. 1111111611111. 11, 111.

11111111. 11111118. alpina. L. 11, 111.
111111111111111111. 1,118. 1111111111. L. 11, 118.

‚Annam 1,118. procumbens, 8111111. 11, 911.

1, 1111111. 1111. 11111111. (1111111111. 11, 818.

11111. L. 1,181. [11111111. L. 111111·

1111. 11111. Ι, 111. 61111.11.111.11,Ν11. 1. 11, 111.

11111111. Ι, 118. ,, ,, ,, ,, ,, 1. 11111.

1111111, Ι, 111. 111111111111. Hom. 11111.

1111111111. 111111. 1, 111. 1111111111. 11111. 11, 111.

1111111111..11111111. 1, 118. (111111111111111. ΙΙ. 881.

1111811. Μ111. 1, 111, 111. 1111111111. 1111111111. 11,118.

,Β111. 1,118. 111111111111111111. 11, 181.

111. 1111. 11 1111. 1,111. ,, 11111111. 11111111. 11, 111.

1111111111. 1111111. herb. 1, 181. ,, 81111111111111. 11111111. 11, 118.
1111111. herb. 1181. ,, y. 1111111111. 11111111. 11,111.
111. 1111111. 1,181. 111111. 1111111. 11, 111.

L. 1111. 11111111111111111. 11118.

1111111. Ι, 111. 111111111111111. 1111111111. 11,.181.
Sem». 1, 118. 011111111111111. 11, 881.
1111111.. 1, 111, 111. ,111111111111 111111. 113181.

1111111. 111111. 1,111. latifolia. 111111. 113181. , .
111111Ρ111.. 1, 181. „ 1,1.1111111111111111.’11111 11111.

1111111. herb. 1, 111. 1111111111 adhaerens. (11111. 11, 118.
1111111111. 1, 181. Β11111111.1111111. 11, 111.
,111111111111 Duc. 1, 111. (1111111111.1.. 11, 111.

81111. 1,111. 1111111.1111111111. 11,111.’
1110118111. 1,118. ,, 111111. 11, 118.
Smne. Ι, 111. ,, wau.. 11, 118.
is. 11111. Ι, 131. „ 11. L. 11111.
Duc. 1,111. ,, 11111111. 11111. 11, 118.
11111111. 1111111. 1, 111. ,, 1111. 11, 111.
11111111. 1, 111. ,, 1111111111. mm. 11, 118.
L. 1111, 111. 11111181111111. 11118.

 

