. Δ66161111666.6161116. ΙΙ, 651.

666

1661111111 11116111.8.(1.111166. ΙΙ, 718. Arenaria (61661111186116. Ι, 761. ,
1166666616. Pau. ΙΙ, 716.
1661661666111. 8. G. (11166. ΙΙ, 119.

6661161666ἔ161.661111. ΙΙ, 968.

(111161161816611. 1 161, 775.
graminea. C. 1111611111. 1, 961.
666616166116. 86111116. 1, 363, 661711.
666616116116. 111666. 86166. 1,961.

, 16116166. 1,361.

,, 6.6111.Μ.·611166.Ι,111.Ι

,, 8816166. 1, 363.
66161166668166. 1, 365.

611616611666. 81111. Ι,111.

,1636116166 6. 1, 161, 161. =

6161111. 6611116. 11, 966.
, 61161661161111111. 6161111. 11, 966.
Uva 11661. 86116116. ΙΙ, 969.

66611616661166. ΙΙ, 181.
6611616661. 1166. ΙΙ, 181.
Arenaria. h. 1, 566.

666661616116.116116. Ι, 691.
66616668686111. Ι, 311.
6116616116. 111666. 1, 367, 368.
61111661111611. 1, 366.
6616661666. 8111611. Ι, 361.
666116686161. 1, 356.
6161166. 8666. Ι, 355.
„ 6. 1616666611. 86166. Ι, 779.
„ 6.1666611166.86116. 1, 779.
661161666. Μ. 6 8161. l, 366, 361.
1111111116υεί6 8166666. 1, 657.
666661668116. 1,366.
8166661161611.86111.66116. 1, 361.
611166611661161. Ι, 376.
1166616661. 1116111. Ι, 369.
1166611166. 816611. Ι, 355.
1161116116. Pom. Ι, 376.
6661116666116. 1111661111. Ι, 691 (616).
61166161661166. Ι, 381.
66166166. 11666. Ι, 313.
6116 661616. 8111.. ΙΙ, 161.
666186666111666. 116611. Ι, 367.
66611116168611. 1,367.
6611661166. 661116. 1,361.
6666616166. M. 118166. 1, 361.
0166166116 a. 1161116611. 811611. 1, 396.

,, β. 16661661116.816611, 1,366,

6111616. (1116661116. Ι, 371.
6111616. L.. Ι, 376.

1166β8υ68α 1, 1111
1111116611. fang· 1, 366.

66611116 β. humilior. 86116. Ι, 318.

‚, 6. 6616116116. Bane. Ι, 318.
ἓυὶυόςιὶοἰδὲσ. 81116111. 36Ιέ 365.
661166. 16611. , . .
1161111168111161. 1, 318, 319.
(111611161666. 116116. 1, 365.
11161661661. 811166. 1, 366.
1166116111. 1161116. 1, 318.
11661661611. 8611661611. 1, 313.

Ι ”. Pam.. 1,346.
1111161111. M. 6 81611. Ι, 361.
11611“·1ἶ..111”..1 ³⁵²·

6 a. . ‚ .

(16661111. 111666. 1,318.
6161166111. 0111111. 61 8611166116. Ι, 356.
globosa. 1166661611. Ι, 311.
6161666616. Μ. 1 8166. 1, 311.
6161111666. Μ.,181611. Ι, 311.

,, 1116666661). 1, 353.

666166611616618666. 1, 365. ‹
1161661111. 86116γῖ 181168, ὠ. Ι, m Ι
11611611. 1111611. 1, 366.

„ α. pubescens. Fr.. 116. Ι,1

,, β. glabra. 111.. m. Ι, 961.
6616661611111. Μ. 6 811111. 1, 315. ,

,, 11666666. 1, 366.

11166616. M. 6 81611. 1, 317.
111616. (111161. 61 semem. 1, 316.
,1166111616 Ι, 319.

⁴ ,, β. 6666666111. (111111. 61861161, ’

1116611166661161. 1,317.

16161161. M. 1 81611. Ι, 351.

imbricata. M. 6 81611. 1, 366.
,, 86116. l, 355.

juncea. M. 1 811111. 1, 966.

16616611661.. 1, 351.

1166161161. 816611. 1, 663.
116661116681116116. 1,357. z
16616116116. 011111. 61 8611166116. 111 ν

,, 616116. 1, 111. ’

,, (1661161. Ι, 351.

,, 1.. Ι, 315. 5
1611611111. (361111118681881161111111141,311· 7
161661861611. 1, 371, 377.

111116. 816611. 1, 351.
1161611661816611. 1,367.

lineata. (116161. 1, 361.
1111111666. 11611. 1, 318.

1611ςί16Ιί1. 1166. 1, 363. .;
1666116116. Μ. 6 8166. 1, 361. ς1
16611616661166. 1,368.
166161111.Μ.66166. Ι, 366. γ,
1661161666. ’161166 l, 366, 367.

,, 118611. 1,367.
6666666661. 8611611. 1, 353.
6166666116116.116611. 1, 379. 2:
marginata. M. 6 81611. 1,366·
11161166. 8166. ΙΙ, 166. ·
6166111161. Bona. 11,168.
media. 1166. 11,168. ‚
61661161611166. Lm. l, 313.
noym: 861161.. 1, 368.

6161116611. (1116661161. Ι, 371.
muscarum. 661116. 1, 367. ·

,, 811611. 1, 366.

-661111161161166, 1, 366.

6666116. 816611. 1, 356.
,, Tum. 1,366.

 

