411

1494414114. 1411111441. 1111441. 41141111141411111.11111. Ι, 141.

4191141111. Ν, 444,

11.. Ν, 481.

1111111111. Ν, 487.

118411. Ν, 441.

111. 111111. Ν, 444.

1114. 1411411. Ν, 444.
141141. 11, 114.

111. Ν, 488.

'vm’ poly'mchyon. 1144111.
4111111114. 11414. Ν, 488.
cun. Ν. 141111. Ν, 414.
1111114. (11114. Ν, 188.
4114411. Ν, 488.
8144114444. 4414. Ν, 488.
111 Pon.. Ν, 484.
4111111111114111. Ν, 484.

11. (11114. Ν, 481.

41. 8411141411. Ν, 481.

a. 1141114114. Ν, 481.

Ι 111ἧ1413ὧ11141.ὦ11;1;.11144. 11,)111.
44. 11. , .

1. 61114. Ν, 441.

1111111. Ν, 487.

’4 141411ιί1114 44114. 4111141.

1141111411. Ν, 484.
1. 114144. Ν, 488.
4111114111. Ν, 488.
111111. 4141111114. Ν, 484.
1111141411. Ν, 488.
141118411141411. Ν, 444.
4. 1³. 1141141111. Ν, 381.
1441111111. Ν, 381.
Tam. Ν, 381.-
14494. 111114. Ν, 384.
Ρ. 114 841111. Ν, 481.
11111. 144114. Ν, 381.
44. Ρ. 114 11441111. Ν, 381.
414111. Ν, 381.
β. Tam. Ν, 381.
1414114114. Ν, 381.
841144. 1, 31.
.1)44. 1, 41, 733.
41111144. Ι, 81, 715.
1414111114111. 141141. 1, 347.
1411141111. Ι, 341.
411144. 141111. 1, 344.
1141144144. 1, 144.
(4144411. Ι,784.
1444. 811141.. 1, 344.
1. 841111. 1, 344.
1114411. Ι, 773.
1111444141. 1, 441.
114114. 841141. Ι, 343.
(41111411. Ι, 184.
41141444. 8111111. 1, 344.
41111411. Ι, 341.
1141111. 1, 344.
1114141111. 1,144.

8144144144

1144411144. 141111.. 1, 344.
4141411. 11111111.. 1. 348.
1111114. 141111. 1, 341.

81114441141114114111114.1444. Ν, 131.

4444114444. 11111. Ν, 337.

1114444441144114411. 414141. 1, 311.

4441111141. 114411. et 4141. Ι, 474.
ΝΝἭἭΝ
{mutffinsednnmss 111, 411.
1111111111. 111111.
nummum· 111114. 111, 411.

4414441444. Bono. 111, 144,
141414. 8411441111. 111, 444.
14141444.Β4114. 111, 444.

1114414144. 111. 1 111114. Ν, 144.

41141444. 8141. 1,111.
44444414448141. Ν, 144.
4114114111114. 11111. Ν, 111.
41ἷῦ1411191211411414. 111. 4 8114.
„ smuffn. 113111.
mmm 41111] 111111.
1141144441. ΠΡ. tls 1144111. Ν, 473. ,
8114411. 11, 81.
4141114111.. 11, 811.
11114111117111118. 11, 414.
444141441111111. 11,114.
,, 1111111. 111111. 11, 411.
ο61111141414ιι(1111111111ὅ ’ 11, 418.
141114. 111114. 11, 414.
14141444. (144ἳ141. 11, 411.
Μῶᾚῶᾝω
14114114· 11.- 11111.
1111111111. 11,114.
,, 111114 1141114144 41 11114. 1144111.
,‚ 114111411111411111144. 8111111141..
οωῶᾘΝΜω1ω
11 11 11 .1 11 31· 1133·
mfflmhamQ”'
11114441. Duc. 11, 414.
8114414411. 1144. 11, 484.
Erfffl'ffl· 14· 11, 486.

· 4114. 11111. 41 1114. 11, 487.
. ,, β.44141411144.1)14. 11, 481.

4411111. 11, 488.
11 β. 411 44141111. 11114114. 11, 184.
,, β. po 411444. Leo. 11, 481.
,, y. 4414111144. Lan. 11, 481. ,
,, 41111414144114144. 1.·411. 11, 411.
,, 1 4144411141. 1144111. 11, 481.
mmmm&
ζ 11114411148414. ’

³⁹0 1

 

