⁷21

1111111818111 11311. 118. 1381181. stellaria 1181181831. 8131. 1, 333.
1, 388. nitida. 118811. Ι, 388.
moun. 831113. Ι, 393. 8111118111. 118811. Ι, 389.
11181118118111. Ι, 393. Ρ111111181. Lm. 1, 411.
3111811881. 1, 393. ,,· San. 1, 339.
1181. 881181. Ι, 389. ,, 118381. 1, 388. ,
1111111. 811111. 11 8811138111. Ι, 383. 8111111111313311. 1, 398. .
1131131387· 13111131331131..
81, 11118133. 1, 383. ,, 11111811111811. [1111118111.
11111. 111183. Ι, 388. , Ι, 388.
8838811131. 831111. 1, 384. petraea. 111138. 1, 394, 333.
11. 811111. 1, 393. 81111111. 1111113. 1, 393.
11. 833. 1, 388. 1111111118. L. 1, 338.
β. 818111. 181181. Ι, 388. 1111811881. 1813311. 118111. Ι, 383.
18111111. 8311. Ι, 388. ,, 1111111811111181. Ι, 397.
11. 111183. 1, 383. 188181111118111113381. 1, 388.
111111. 833. 1, 393. 8881181118111111111.831. l, 339.
118181. 18381. l, 388. 81881181181.11’11.311.118111. l, 389.
181111. (1111811118. 1, 393. 1111811. 1111311 1113. 1, 181.
1813111381. 1, 398. ,, (1. 118811. 1, 399.
31. 1181133183. Ι, 398. ¹ „ a. β. y. 11883. 1, 388.
1113111111. 1, 381. 1118111111. nan. 1, 391.
Γ111181. 1,’388(1111). tenella. 111. 1 111311. 1, 331.
111. 18111113. 1, 389. 11111811888111.Ι.311. 3818.
1111. Ν11183381111. 1, 393. uliginosa. 1133311. 1, 383.
111181.(111111.818811138118.Ι,387,393. 1118111881. 811131. 1, 393, 381.
1118133181. 1,398. 8111811111. 181181. Ι, 391. “
11118131.. 1, 391. ' 1181181111. 1118113. l, 393.
1111118111. S. (1. (11131. 1, 381. 1111811. 111318. herb. 1, 339.
1111811118813111. 315391. · 81111111111111. 11111111131,Ιῗο3788.
1881111111. 1, 399. 8111111118.(11111181881131811. 11, 398. .
munim. Fssm· Ι, 388. seo1tora.wuncz.‚111,m. ,
1131.. Ι, 381. 11111811113. 111, 318.
1113118113. Ι, 384. 01111111]111111.Ι1. 111, 348.
11388118. Ι, 383. „ 811138. 111, 318.
11313818. Ι, 383. . 8811181. 131381. 111,·13.
811118. l, 393. 11111118811111. 1111811. 111, 333.
τ8811. 1, 381. Ι1111181181. L. 111, 843.
1111381. Ι, 383. 61113. ΕΙ. 1111. 111, No. 13. 111, 318.
11. 18311. 1, 383. “ 818881111811111 1111111181. Τ11381. 111, 138.
1811111811. 1, 383. 11811811881. 18381. 111, 138. -
1338. Ι, 331. 111111111111813. 111, 131. -
,1.8111. Ι, 333. Ρ8111111. ’111383 111,133.
,1111813 1, 398. 811811. ’181183 111, 134.
8111313111. 1, 391. 81118111831111181. 111, 134.
18181. Ι, 391. 111811111. 111381. 111, 133.
1831111. 1, 388, 381. 1811111111. ’181183 111, 133.
1113818111. 1, 388. 1111111111. 88383. 111, 134.
3138111311. 1, 383. 111181118181. 111, 133.
111. 81 Gau. 1, 381. 8188818181111118118111. 8111181. 11, 381.
83311. 1, 393. 8181118111. 11131. ΙΙ, 491.
111111. 11 8811338113. 1, 384. 11111111. Nm. 11, 491.
¹ Ι, 333, dubia. (1111. ’11, 491.
8813811811. 1, 331. 818888οά1811. Lan. 11, 331.
311. Ι, 381. ammonem. 1138. 11, 333.
11. 111113. Ι, 391. 11118181811181.ῑ.311. 11, 331.
'mn- 3111. divaricatum. 18111. 11, 111.
88. 1,, 333. 1118388111111. 8833333. 11, 339.

11375· summanum ’18383 111, 143. ,
¹⁴· 11378. 8111811888111113. 111, 139.-

181. 19. 40

 

