Ammo 7117777777. 1177777. 7, 73.
7777777777. 11777777. 7, 77.
simum. 8777777777. 1, 78.
3177771771177.117737. 1, 77.
(17377777771777.8777771771). 1,37.
13177771177777. 718177. 1,33.
7711177777. 117777. 1, 38.
71777777811777. Ι, 733.
8773771711711. 8777777777. 1, 37.
17177777. 0777. 1, 78ζ
11177717. L. Ι, 33, 731.
runnu«. L. 1, 37, 731.
Μ1777.17777. Ι, 78.
87717711171777777. 1, 78.
1777177177777. uuus. 1, 78.
[7717777777. Sumus· Ι, 731.
frigidus. 077. 1, 37.
177777177771177.11. 777771. 1, 38.
77111777. 11777. 77 11777. 1, 733.
77771377. Sus. Ι, 37.
glacialis. 877777. 1,37.
717717117.1..1,37
1177711771.8777771777.1,33,38.
77771117.077.1,78.
gunsiaco 177117. Eunus. Ι, 78.
gunianus. 11777.. Ι, 33.
177.·777111711777.11.111177.1,33.

1777171177 8777777777.1,33.
1717777777Ηο 1, 77.
heder-cens. 0777133.
171777177. 8177771713.

1717777 777. S. G. Gusu. 1, 73.

, Ι17777717777777.117777. 1, 33, 737.

“ 1117717777.1..1,33,731.
17777771377. 077. 1, 38.

, 1771777771777.077.1,.31

’ xoesu.Lsn.1,7s¹.
1777773771111.077.1,33.
Lauinam. 7. 7, 77, 777.
lanuginosus. Μ. 78777. 1, 37.

,, 8111711777. 133
177711177718ξ717177.11433
1777771777.1..1,38.
17713777777. G. A. 3177. 1, 37.
Luam. 7.. 1, 77, 777.

1777777777777877777. 77 Μ77. 1, 33, 731.

1777177737. C. A. Μ77. 1, 33, 731.

1777117877 palustris major. 11777777. 1, 33.
,‚ „ 771777..Ε777777,1,37.

77777771711777.1.777. 1,77

mitis. 117777. Ι, 38.
77777771177777. 11777777. 1, 33.
montano 78. 1177777777. Ι, 33.
7777777777.11777.7.1,33.
77711187777.117777. 1, 31.
7777177777. L. 1,37.
777711171177. 077. Ι, 33, 733. ,
77717777. C. 18177. 1, 33, 731.
117177711. 077. Ι, 13.
semorum. 077. 1, 37, 733.

,, 87777777777777 77177717. unm. 1,13.

11777 7777777. Vol. lv·

8777777177 7777777777 7717717771777,17117
. 7ο7777717.1.777777.1,88.

· 771771171377777. 1,33.

7177117. Pau.. 1, 33.

,, 0773..17771.17777. 1,13.
711’7118711.Δῐ11177..1’ 1333.
7771177177711711777.1777.. 1, 37.
7777731777. 111. 7 11777. 1, 33.
orientalis. L. 1, 73.
77777717777711717177. 8777. Ι, 33.
7,.’771717774777ἕ7ι117777. Ι1,373, 733.
7711777111, 31711111117777771877777.1,13.
77777177177111171171787731711171171731177. 1, 78.
777771 .Ι.. 1, 37.

77777777. 1177777. 1, 77.
7717713377. 8777777777. 1, 37.
7717111177. 8777777. 1, 737.
77771777. 1177. 1, 73, 733.
7777773771171177.137777. Ι, 78.
0111777117. Eunu. Ι, 13.
71771771711711777. Musa. 1,33, 731.
717777777777777. 1177777. Ι, 73, 733.
7717777377777. L. Ι, 37, 737.
77177171177.1177.1,33.
7717711777877777.1,33,737.
pratensis 7777777 77717. 8777777147.
,, 7771777 7777777117 777 11777777.1,33.
„repens hirsutus. 11777777. 1, 33.
7771177777. C. A. 11177. 1, 33, 737.
7717371177. G. A. Μ77. Ι, 33, 731.
1177771711117777. 1,33,731.
pusillus. Lsn. 1, 33
pygmaeus. 8877777777. 1, 77.
7777777777. 1177777777. 1, 33.
7771177777. C. A. Μ77. 1, 33, 131.

Ι recurvatus. 0777. 1, 33

7771177717. (17777. 1, 38.
7777777.1..1, 33, 733.
,8.7171777717777. (11177777. 1,733.
reptans. L. 1, 37.
7777711171177 vernus 717 1177777. 1, 38.
77777171177.077.1,18.
77777717777..177ρ.1,33. .
salsuginosas. 077. Ι, 33.
,, 11177.. 1, 33.
sardonicus. (1117777777. Ι, 37.
777777777777.177777. Ι, 33.
7771177377171177. 87777. 177717. 1, 33.
7771777177. L. 1, 33, 733.
77717777. ww. 1, 33.
spec. 77777 parvulo 711777. S.G. (17771.
spec. 77777117, fructibus 7717177717.
1177777777. 1, 37.
771777173717717. 07177371, 33.
77 777777. uuus. , .
„ 8777. 1, 33.
81777771. Annus. 1, 37.
773778777777.1177.777. 1,31.

31.

 

